#Iron d4 Lorentzian 0.35, 0.35, Gaussian 0.5
-8.071923255920410156e-01 1.608073711395263672e-02
-7.672324180603027344e-01 1.738556846976280212e-02
-7.272725105285644531e-01 1.889305002987384796e-02
-6.873126029968261719e-01 2.065078169107437134e-02
-6.473522186279296875e-01 2.272161841392517090e-02
-6.073923110961914062e-01 2.518999949097633362e-02
-5.674324035644531250e-01 2.817159891128540039e-02
-5.274720191955566406e-01 3.182845190167427063e-02
-4.875121116638183594e-01 3.639341890811920166e-02
-4.475522041320800781e-01 4.221130535006523132e-02
-4.075922966003417969e-01 4.981093481183052063e-02
-3.676319122314453125e-01 6.003843620419502258e-02
-3.276720046997070312e-01 7.431954890489578247e-02
-2.877120971679687500e-01 9.521787613630294800e-02
-2.477517127990722656e-01 1.277435570955276489e-01
-2.077918052673339844e-01 1.827800869941711426e-01
-1.678318977355957031e-01 2.866184413433074951e-01
-1.278719902038574219e-01 5.018845796585083008e-01
-8.791160583496093750e-02 9.267392754554748535e-01
-4.795169830322265625e-02 1.528797626495361328e+00
-7.991790771484375000e-03 1.892973899841308594e+00
3.196811676025390625e-02 1.632326841354370117e+00
7.192802429199218750e-02 1.036657452583312988e+00
1.118888854980468750e-01 5.687012672424316406e-01
1.518487930297851562e-01 3.226786255836486816e-01
1.918087005615234375e-01 2.057934850454330444e-01
2.317686080932617188e-01 1.462056487798690796e-01
2.717285156250000000e-01 1.126688718795776367e-01
3.116884231567382812e-01 9.245193749666213989e-02
3.516483306884765625e-01 7.986622303724288940e-02
3.916091918945312500e-01 7.210952788591384888e-02
4.315690994262695312e-01 6.771638244390487671e-02
4.715290069580078125e-01 6.592062860727310181e-02
5.114889144897460938e-01 6.637676060199737549e-02
5.514488220214843750e-01 6.904543936252593994e-02
5.914087295532226562e-01 7.417505234479904175e-02
6.313686370849609375e-01 8.236761391162872314e-02
6.713294982910156250e-01 9.476419538259506226e-02
7.112894058227539062e-01 1.134633645415306091e-01
7.512493133544921875e-01 1.424885988235473633e-01
7.912092208862304688e-01 1.902196109294891357e-01
8.311691284179687500e-01 2.757576406002044678e-01
8.711290359497070312e-01 4.425658583641052246e-01
9.110889434814453125e-01 7.684104442596435547e-01
9.510498046875000000e-01 1.317649126052856445e+00
9.910097122192382812e-01 1.980318903923034668e+00
1.030969619750976562e+00 2.339812994003295898e+00
1.070929527282714844e+00 2.042166948318481445e+00
1.110889434814453125e+00 1.346390247344970703e+00
1.150849342346191406e+00 7.564519047737121582e-01
1.190809249877929688e+00 4.295423030853271484e-01
1.230769157409667969e+00 2.718831002712249756e-01
1.270730018615722656e+00 1.918915361166000366e-01
1.310689926147460938e+00 1.470457464456558228e-01
1.350649833679199219e+00 1.199336647987365723e-01
1.390609741210937500e+00 1.028712764382362366e-01
1.430569648742675781e+00 9.211074560880661011e-02
1.470529556274414062e+00 8.570058643817901611e-02
1.510489463806152344e+00 8.261935412883758545e-02
1.550450325012207031e+00 8.240211009979248047e-02
1.590410232543945312e+00 8.499130606651306152e-02
1.630370140075683594e+00 9.072115272283554077e-02
1.670330047607421875e+00 1.004275977611541748e-01
1.710289955139160156e+00 1.157518699765205383e-01
1.750249862670898438e+00 1.398524791002273560e-01
1.790209770202636719e+00 1.791503429412841797e-01
1.830170631408691406e+00 2.479863464832305908e-01
1.870130538940429688e+00 3.809276819229125977e-01
1.910090446472167969e+00 6.539337038993835449e-01
1.950050354003906250e+00 1.162310600280761719e+00
1.990010261535644531e+00 1.828811526298522949e+00
2.029970169067382812e+00 2.217569112777709961e+00
2.069930076599121094e+00 1.953576564788818359e+00
2.109890937805175781e+00 1.294103384017944336e+00
2.149850845336914062e+00 7.342725992202758789e-01
2.189810752868652344e+00 4.259082376956939697e-01
2.229770660400390625e+00 2.790902256965637207e-01
2.269730567932128906e+00 2.066429704427719116e-01
2.309690475463867188e+00 1.683662682771682739e-01
2.349650382995605469e+00 1.480708569288253784e-01
2.389611244201660156e+00 1.389998197555541992e-01
2.429571151733398438e+00 1.384705603122711182e-01
2.469531059265136719e+00 1.461564749479293823e-01
2.509490966796875000e+00 1.640013307332992554e-01
2.549450874328613281e+00 1.977802366018295288e-01
2.589410781860351562e+00 2.617959976196289062e-01
2.629370689392089844e+00 3.855718672275543213e-01
2.669331550598144531e+00 5.995639562606811523e-01
2.709291458129882812e+00 8.801327943801879883e-01
2.749251365661621094e+00 1.172414541244506836e+00
2.789211273193359375e+00 1.491616487503051758e+00
2.829171180725097656e+00 1.830304503440856934e+00
2.869131088256835938e+00 2.102550268173217773e+00
2.909090995788574219e+00 2.240433692932128906e+00
2.949051856994628906e+00 2.128079175949096680e+00
2.989011764526367188e+00 1.712443947792053223e+00
3.028971672058105469e+00 1.181793212890625000e+00
3.068931579589843750e+00 7.997485399246215820e-01
3.108891487121582031e+00 6.612439155578613281e-01
3.148851394653320312e+00 6.913520097732543945e-01
3.188811302185058594e+00 7.289009690284729004e-01
3.228772163391113281e+00 6.765614748001098633e-01
3.268732070922851562e+00 5.997012853622436523e-01
3.308691978454589844e+00 5.417471528053283691e-01
3.348651885986328125e+00 4.709050059318542480e-01
3.388611793518066406e+00 4.099882543087005615e-01
3.428571701049804688e+00 3.934218883514404297e-01
3.468531608581542969e+00 4.078864157199859619e-01
3.508491516113281250e+00 4.425594806671142578e-01
3.548452377319335938e+00 5.326391458511352539e-01
3.588412284851074219e+00 7.731852531433105469e-01
3.628372192382812500e+00 1.272744178771972656e+00
3.668332099914550781e+00 1.939963221549987793e+00
3.708292007446289062e+00 2.320426702499389648e+00
3.748251914978027344e+00 2.142059803009033203e+00
3.788211822509765625e+00 1.828623056411743164e+00
3.828172683715820312e+00 1.770019412040710449e+00
3.868132591247558594e+00 1.752737641334533691e+00
3.908092498779296875e+00 1.527740955352783203e+00
3.948052406311035156e+00 1.264999747276306152e+00
3.988012313842773438e+00 1.081119894981384277e+00
4.027972221374511719e+00 8.584282398223876953e-01
4.067932128906250000e+00 5.957472324371337891e-01
4.107892990112304688e+00 4.026846289634704590e-01
4.147852897644042969e+00 3.009151220321655273e-01
4.187812805175781250e+00 2.406136691570281982e-01
4.227772712707519531e+00 1.921494007110595703e-01
4.267732620239257812e+00 1.585493534803390503e-01
4.307692527770996094e+00 1.422700434923171997e-01
4.347652435302734375e+00 1.363687366247177124e-01
4.387613296508789062e+00 1.378357112407684326e-01
4.427573204040527344e+00 1.533897072076797485e-01
4.467533111572265625e+00 1.934031993150711060e-01
4.507493019104003906e+00 2.692993581295013428e-01
4.547452926635742188e+00 3.980042934417724609e-01
4.587412834167480469e+00 5.801604390144348145e-01
4.627372741699218750e+00 7.452688813209533691e-01
4.667333602905273438e+00 7.855288386344909668e-01
4.707293510437011719e+00 6.832210421562194824e-01
4.747253417968750000e+00 5.298073887825012207e-01
4.787213325500488281e+00 4.149622917175292969e-01
4.827173233032226562e+00 3.508722186088562012e-01
4.867133140563964844e+00 3.273020088672637939e-01
4.907093048095703125e+00 3.672047555446624756e-01
4.947053909301757812e+00 5.028242468833923340e-01
4.987013816833496094e+00 7.195506691932678223e-01
5.026973724365234375e+00 8.772795200347900391e-01
5.066933631896972656e+00 8.062754869461059570e-01
5.106893539428710938e+00 5.563871264457702637e-01
5.146853446960449219e+00 3.230966925621032715e-01
5.186813354492187500e+00 1.887097656726837158e-01
5.226774215698242188e+00 1.233296096324920654e-01
5.266734123229980469e+00 9.074229001998901367e-02
5.306694030761718750e+00 7.401441037654876709e-02
5.346653938293457031e+00 6.580209732055664062e-02
5.386613845825195312e+00 6.028862297534942627e-02
5.426573753356933594e+00 5.296740680932998657e-02
5.466533660888671875e+00 4.434654861688613892e-02
5.506494522094726562e+00 3.738548234105110168e-02
5.546454429626464844e+00 3.299972787499427795e-02
5.586414337158203125e+00 3.054195456206798553e-02
5.626374244689941406e+00 2.958516404032707214e-02
5.666334152221679688e+00 3.048734180629253387e-02
5.706294059753417969e+00 3.466304391622543335e-02
5.746253967285156250e+00 4.367477446794509888e-02
5.786214828491210938e+00 5.439423769712448120e-02
5.826174736022949219e+00 5.713072046637535095e-02
5.866134643554687500e+00 4.819859191775321960e-02
5.906094551086425781e+00 3.650847822427749634e-02
5.946054458618164062e+00 2.936851605772972107e-02
5.986014366149902344e+00 2.691753394901752472e-02
6.025974273681640625e+00 2.805916219949722290e-02
6.065935134887695312e+00 3.352125361561775208e-02
6.105895042419433594e+00 4.444803297519683838e-02
6.145854949951171875e+00 5.645502358675003052e-02
6.185814857482910156e+00 5.896608158946037292e-02
6.225774765014648438e+00 4.965098947286605835e-02
6.265734672546386719e+00 3.870439529418945312e-02
6.305694580078125000e+00 3.328687325119972229e-02
6.345654487609863281e+00 3.335794806480407715e-02
6.385615348815917969e+00 3.830662742257118225e-02
6.425575256347656250e+00 5.054225772619247437e-02
6.465535163879394531e+00 7.697486877441406250e-02
6.505495071411132812e+00 1.246039196848869324e-01
6.545454978942871094e+00 1.804987788200378418e-01
6.585414886474609375e+00 2.043000906705856323e-01
6.625374794006347656e+00 1.755171865224838257e-01
6.665335655212402344e+00 1.263078302145004272e-01
6.705295562744140625e+00 9.341816604137420654e-02
6.745255470275878906e+00 7.762301713228225708e-02
6.785215377807617188e+00 6.435989588499069214e-02
6.825175285339355469e+00 5.108782649040222168e-02
6.865135192871093750e+00 4.224352166056632996e-02
6.905095100402832031e+00 3.846310824155807495e-02
6.945055961608886719e+00 3.796334192156791687e-02
6.985015869140625000e+00 3.955861926078796387e-02
7.024975776672363281e+00 4.289073124527931213e-02
7.064935684204101562e+00 4.808123037219047546e-02
7.104895591735839844e+00 5.564825609326362610e-02
7.144855499267578125e+00 6.663894653320312500e-02
7.184815406799316406e+00 8.304067701101303101e-02
7.224776268005371094e+00 1.088240966200828552e-01
7.264736175537109375e+00 1.527261435985565186e-01
7.304696083068847656e+00 2.355934381484985352e-01
7.344655990600585938e+00 4.028947055339813232e-01
7.384615898132324219e+00 7.119712233543395996e-01
7.424575805664062500e+00 1.132334113121032715e+00
7.464535713195800781e+00 1.456013679504394531e+00
7.504496574401855469e+00 1.433514952659606934e+00
7.544456481933593750e+00 1.068531632423400879e+00
7.584416389465332031e+00 6.468166112899780273e-01
7.624376296997070312e+00 3.716010451316833496e-01
7.664336204528808594e+00 2.355906367301940918e-01
7.704296112060546875e+00 1.743022352457046509e-01
7.744256019592285156e+00 1.499840170145034790e-01
7.784216880798339844e+00 1.500001549720764160e-01
7.824176788330078125e+00 1.770541369915008545e-01
7.864136695861816406e+00 2.473306953907012939e-01
7.904096603393554688e+00 3.820450305938720703e-01
7.944056510925292969e+00 5.730201005935668945e-01
7.984016418457031250e+00 7.420805096626281738e-01
8.023977279663085938e+00 7.894248366355895996e-01
8.063936233520507812e+00 7.385442256927490234e-01
8.103897094726562500e+00 7.193711400032043457e-01
8.143856048583984375e+00 7.637541890144348145e-01
8.183816909790039062e+00 7.599925994873046875e-01
8.223777770996093750e+00 6.196252703666687012e-01
8.263736724853515625e+00 4.211236536502838135e-01
8.303697586059570312e+00 2.822989225387573242e-01
8.343656539916992188e+00 2.193282991647720337e-01
8.383617401123046875e+00 1.917536407709121704e-01
8.423576354980468750e+00 1.792210489511489868e-01
8.463537216186523438e+00 1.752475351095199585e-01
8.503498077392578125e+00 1.581697911024093628e-01
8.543457031250000000e+00 1.216241642832756042e-01
8.583417892456054688e+00 8.863162249326705933e-02
8.623376846313476562e+00 7.581210881471633911e-02
8.663337707519531250e+00 8.291889727115631104e-02
8.703296661376953125e+00 9.770230948925018311e-02
8.743257522583007812e+00 9.817809611558914185e-02
8.783218383789062500e+00 7.704130560159683228e-02
8.823177337646484375e+00 5.155897513031959534e-02
8.863138198852539062e+00 3.489325940608978271e-02
8.903097152709960938e+00 2.612393349409103394e-02
8.943058013916015625e+00 2.135657519102096558e-02
8.983016967773437500e+00 1.845314539968967438e-02
9.022977828979492188e+00 1.653137616813182831e-02
9.062938690185546875e+00 1.522557996213436127e-02
9.102897644042968750e+00 1.438964158296585083e-02
9.142858505249023438e+00 1.400828082114458084e-02
9.182817459106445312e+00 1.421047281473875046e-02
9.222778320312500000e+00 1.540974806994199753e-02
9.262737274169921875e+00 1.869745180010795593e-02
9.302698135375976562e+00 2.620950341224670410e-02
9.342658996582031250e+00 3.879644721746444702e-02
9.382617950439453125e+00 4.949460551142692566e-02
9.422578811645507812e+00 4.746401309967041016e-02
9.462537765502929688e+00 3.459911793470382690e-02
9.502498626708984375e+00 2.211948856711387634e-02
9.542457580566406250e+00 1.487874705344438553e-02
9.582418441772460938e+00 1.129433047026395798e-02
9.622379302978515625e+00 9.398636408150196075e-03
9.662338256835937500e+00 8.259057998657226562e-03
9.702299118041992188e+00 7.497321348637342453e-03
9.742258071899414062e+00 6.947939284145832062e-03
9.782218933105468750e+00 6.529697682708501816e-03
9.822177886962890625e+00 6.198714021593332291e-03
9.862138748168945312e+00 5.929434206336736679e-03
9.902099609375000000e+00 5.706079769879579544e-03
9.942058563232421875e+00 5.518452264368534088e-03
9.982019424438476562e+00 5.359720438718795776e-03
1.002197837829589844e+01 5.225190892815589905e-03
1.006193923950195312e+01 5.111590493470430374e-03
1.010189819335937500e+01 5.016631446778774261e-03
1.014185905456542969e+01 4.938743077218532562e-03
1.018181800842285156e+01 4.876902792602777481e-03
1.022177886962890625e+01 4.830530378967523575e-03
1.026173973083496094e+01 4.799424670636653900e-03
1.030169868469238281e+01 4.783734213560819626e-03
1.034165954589843750e+01 4.783946089446544647e-03
1.038161849975585938e+01 4.800901748239994049e-03
1.042157936096191406e+01 4.835832398384809494e-03
1.046153831481933594e+01 4.890413954854011536e-03
1.050149917602539062e+01 4.966855514794588089e-03
1.054146003723144531e+01 5.068019032478332520e-03
1.058141899108886719e+01 5.197590682655572891e-03
1.062137985229492188e+01 5.360314156860113144e-03
1.066133880615234375e+01 5.562323145568370819e-03
1.070129966735839844e+01 5.811611190438270569e-03
1.074125862121582031e+01 6.118709221482276917e-03
1.078121948242187500e+01 6.497681140899658203e-03
1.082118034362792969e+01 6.967621389776468277e-03
1.086113929748535156e+01 7.554966490715742111e-03
1.090110015869140625e+01 8.297168649733066559e-03
1.094105911254882812e+01 9.248744696378707886e-03
1.098101997375488281e+01 1.049165148288011551e-02
1.102097892761230469e+01 1.215393934398889542e-02
1.106093978881835938e+01 1.444533094763755798e-02
1.110090065002441406e+01 1.773001626133918762e-02
1.114085960388183594e+01 2.268933318555355072e-02
1.118082046508789062e+01 3.072636015713214874e-02
1.122077941894531250e+01 4.507797583937644958e-02
1.126074028015136719e+01 7.373313605785369873e-02
1.130069923400878906e+01 1.331735104322433472e-01
1.134066009521484375e+01 2.348728030920028687e-01
1.138062095642089844e+01 3.345558643341064453e-01
1.142057991027832031e+01 3.413051068782806396e-01
1.146054077148437500e+01 2.484233975410461426e-01
1.150049972534179688e+01 1.456688642501831055e-01
1.154046058654785156e+01 8.512772619724273682e-02
1.158041954040527344e+01 5.842934921383857727e-02
1.162038040161132812e+01 4.958299919962882996e-02
1.166034126281738281e+01 5.268142744898796082e-02
1.170030021667480469e+01 7.093376666307449341e-02
1.174026107788085938e+01 1.153278425335884094e-01
1.178022003173828125e+01 1.884774863719940186e-01
1.182018089294433594e+01 2.470247000455856323e-01
1.186013984680175781e+01 2.307564914226531982e-01
1.190010070800781250e+01 1.567459553480148315e-01
1.194006156921386719e+01 8.855679631233215332e-02